1980
10002 50004 3.906706 0.000000
40005 20001 3.658108 0.000000
10002 60005 1.418254 0.000000
50006 20001 1.352428 0.000000
50006 30002 3.244140 0.000000
20003 60005 3.388527 0.000000
10002 70006 0.725030 0.000000
60007 20001 0.717153 0.000000
60007 30002 1.442918 0.000000
20003 70006 1.473301 0.000000
60007 40003 4.233244 0.000000
30004 70006 4.500319 0.000000
10002 80007 0.381494 0.000000
70008 20001 0.380461 0.000000
70008 30002 0.693844 0.000000
20003 80007 0.701593 0.000000
70008 40003 1.728996 0.000000
30004 80007 1.813514 0.000000
70008 50004 3.491576 0.000000
40005 80007 3.675886 0.000000
10002 90008 0.244796 0.000000
80009 20001 0.238220 0.000000
80009 30002 0.405630 0.000000
20003 90008 0.419276 0.000000
80009 40003 0.906943 0.000000
30004 90008 0.971467 0.000000
40005 90008 1.546198 0.000000
80009 50004 1.453750 0.000000
50006 90008 3.028112 0.000000
80009 60005 2.805658 0.000000
10002 100009 0.189823 0.000000
90010 20001 0.186188 0.000000
20003 100009 0.313398 0.000000
90010 30002 0.308998 0.000000
90010 40003 0.644928 0.000000
30004 100009 0.680617 0.000000
90010 50004 0.923046 0.000000
40005 100009 0.964561 0.000000
90010 60005 1.415787 0.000000
50006 100009 1.487514 0.000000
90010 70006 3.897314 0.000000
60007 100009 4.062376 0.000000
10002 110010 0.119680 0.000000
100011 20001 0.119537 0.000000
20003 110010 0.187094 0.000000
100011 30002 0.181850 0.000000
100011 40003 0.370967 0.000000
30004 110010 0.391961 0.000000
100011 50004 0.496612 0.000000
40005 110010 0.519418 0.000000
50006 110010 0.702518 0.000000
100011 60005 0.669360 0.000000
100011 70006 1.505402 0.000000
60007 110010 1.565249 0.000000
100011 80007 2.964290 0.000000
70008 110010 3.151155 0.000000
10002 120011 0.080252 0.000000
110012 20001 0.079734 0.000000
110012 30002 0.121791 0.000000
20003 120011 0.123002 0.000000
110012 40003 0.236374 0.000000
30004 120011 0.247239 0.000000
40005 120011 0.312881 0.000000
110012 50004 0.302430 0.000000
110012 60005 0.372166 0.000000
50006 120011 0.385266 0.000000
110012 70006 0.733281 0.000000
60007 120011 0.750684 0.000000
70008 120011 1.255736 0.000000
110012 80007 1.205825 0.000000
80009 120011 2.764643 0.000000
110012 90008 2.617658 0.000000
120013 20001 0.057388 0.000000
10002 130012 0.058297 0.000000
120013 30002 0.089686 0.000000
20003 130012 0.089098 0.000000
30004 130012 0.171100 0.000000
120013 40003 0.165020 0.000000
120013 50004 0.202510 0.000000
40005 130012 0.207447 0.000000
120013 60005 0.232746 0.000000
50006 130012 0.238079 0.000000
120013 70006 0.417742 0.000000
60007 130012 0.421593 0.000000
120013 80007 0.609779 0.000000
70008 130012 0.622966 0.000000
120013 90008 1.090445 0.000000
80009 130012 1.124592 0.000000
120013 100009 2.782899 0.000000
90010 130012 2.870052 0.000000
130014 20001 0.041824 0.000000
10002 140013 0.042469 0.000000
20003 140013 0.060637 0.000000
130014 30002 0.060496 0.000000
130014 40003 0.114300 0.000000
30004 140013 0.117115 0.000000
130014 50004 0.133552 0.000000
40005 140013 0.136162 0.000000
130014 60005 0.146341 0.000000
50006 140013 0.149071 0.000000
130014 70006 0.246728 0.000000
60007 140013 0.247989 0.000000
70008 140013 0.338789 0.000000
130014 80007 0.333580 0.000000
80009 140013 0.544708 0.000000
130014 90008 0.530675 0.000000
130014 100009 1.105555 0.000000
90010 140013 1.133232 0.000000
130014 110010 2.563312 0.000000
100011 140013 2.669945 0.000000
10002 150014 0.035806 0.000000
140015 20001 0.037437 0.000000
140015 30002 0.047128 0.000000
20003 150014 0.049218 0.000000
140015 40003 0.089812 0.000000
30004 150014 0.092914 0.000000
140015 50004 0.103283 0.000000
40005 150014 0.105687 0.000000
50006 150014 0.111237 0.000000
140015 60005 0.108641 0.000000
60007 150014 0.176813 0.000000
140015 70006 0.175219 0.000000
140015 80007 0.224542 0.000000
70008 150014 0.228692 0.000000
140015 90008 0.331195 0.000000
80009 150014 0.341118 0.000000
90010 150014 0.626713 0.000000
140015 100009 0.610554 0.000000
100011 150014 1.197350 0.000000
140015 110010 1.154353 0.000000
110012 150014 3.006152 0.000000
140015 120011 2.835071 0.000000
150016 20001 0.027790 0.000000
10002 160015 0.027072 0.000000
20003 160015 0.037129 0.000000
150016 30002 0.038293 0.000000
30004 160015 0.066319 0.000000
150016 40003 0.063784 0.000000
40005 160015 0.077589 0.000000
150016 50004 0.077068 0.000000
150016 60005 0.077173 0.000000
50006 160015 0.077743 0.000000
60007 160015 0.118760 0.000000
150016 70006 0.119692 0.000000
150016 80007 0.147862 0.000000
70008 160015 0.147968 0.000000
150016 90008 0.206825 0.000000
80009 160015 0.208984 0.000000
150016 100009 0.350795 0.000000
90010 160015 0.353170 0.000000
150016 110010 0.584034 0.000000
100011 160015 0.591940 0.000000
150016 120011 1.181731 0.000000
110012 160015 1.218479 0.000000
150016 130012 3.012335 0.000000
120013 160015 3.162792 0.000000
10002 170016 0.024425 0.000000
160017 20001 0.024462 0.000000
160017 30002 0.036035 0.000000
20003 170016 0.035534 0.000000
160017 40003 0.054821 0.000000
30004 170016 0.058283 0.000000
40005 170016 0.064709 0.000000
160017 50004 0.064231 0.000000
50006 170016 0.064963 0.000000
160017 60005 0.063992 0.000000
60007 170016 0.096010 0.000000
160017 70006 0.095836 0.000000
70008 170016 0.115176 0.000000
160017 80007 0.114179 0.000000
160017 90008 0.152803 0.000000
80009 170016 0.156042 0.000000
90010 170016 0.247229 0.000000
160017 100009 0.242932 0.000000
100011 170016 0.373550 0.000000
160017 110010 0.365676 0.000000
110012 170016 0.675394 0.000000
160017 120011 0.650324 0.000000
160017 130012 1.350100 0.000000
120013 170016 1.420417 0.000000
130014 170016 3.240732 0.000000
160017 140013 3.084850 0.000000
170018 20001 0.019449 0.000000
10002 180017 0.019337 0.000000
170018 30002 0.026772 0.000000
20003 180017 0.026340 0.000000
170018 40003 0.045591 0.000000
30004 180017 0.046018 0.000000
170018 50004 0.045976 0.000000
40005 180017 0.047832 0.000000
50006 180017 0.048597 0.000000
170018 60005 0.048371 0.000000
170018 70006 0.069205 0.000000
60007 180017 0.068750 0.000000
170018 80007 0.080013 0.000000
70008 180017 0.080165 0.000000
170018 90008 0.103197 0.000000
80009 180017 0.104584 0.000000
170018 100009 0.156135 0.000000
90010 180017 0.157745 0.000000
100011 180017 0.220753 0.000000
170018 110010 0.217869 0.000000
110012 180017 0.360777 0.000000
170018 120011 0.351944 0.000000
120013 180017 0.658634 0.000000
170018 130012 0.637014 0.000000
130014 180017 1.213000 0.000000
170018 140013 1.179781 0.000000
140015 180017 3.253026 0.000000
170018 150014 3.124449 0.000000
180019 20001 0.014138 0.000000
10002 190018 0.013914 0.000000
20003 190018 0.018828 0.000000
180019 30002 0.019275 0.000000
180019 40003 0.033279 0.000000
30004 190018 0.033115 0.000000
40005 190018 0.032767 0.000000
180019 50004 0.032190 0.000000
50006 190018 0.030666 0.000000
180019 60005 0.030081 0.000000
180019 70006 0.048243 0.000000
60007 190018 0.046705 0.000000
180019 80007 0.052350 0.000000
70008 190018 0.051771 0.000000
80009 190018 0.065763 0.000000
180019 90008 0.065614 0.000000
180019 100009 0.095636 0.000000
90010 190018 0.095485 0.000000
100011 190018 0.125847 0.000000
180019 110010 0.125782 0.000000
180019 120011 0.192269 0.000000
110012 190018 0.194484 0.000000
180019 130012 0.318965 0.000000
120013 190018 0.324907 0.000000
130014 190018 0.526377 0.000000
180019 140013 0.520907 0.000000
140015 190018 1.140646 0.000000
180019 150014 1.115453 0.000000
150016 190018 2.601916 0.000000
180019 160015 2.519887 0.000000
10002 200019 0.010671 0.000000
190020 20001 0.010613 0.000000
20003 200019 0.014198 0.000000
190020 30002 0.014214 0.000000
30004 200019 0.024353 0.000000
190020 40003 0.023421 0.000000
190020 50004 0.026535 0.000000
40005 200019 0.026719 0.000000
190020 60005 0.022190 0.000000
50006 200019 0.023148 0.000000
190020 70006 0.031909 0.000000
60007 200019 0.032317 0.000000
70008 200019 0.037320 0.000000
190020 80007 0.037082 0.000000
190020 90008 0.045413 0.000000
80009 200019 0.046310 0.000000
90010 200019 0.065545 0.000000
190020 100009 0.064395 0.000000
190020 110010 0.082455 0.000000
100011 200019 0.083919 0.000000
110012 200019 0.120529 0.000000
190020 120011 0.117107 0.000000
120013 200019 0.189647 0.000000
190020 130012 0.183513 0.000000
130014 200019 0.285466 0.000000
190020 140013 0.278266 0.000000
190020 150014 0.530081 0.000000
140015 200019 0.548067 0.000000
190020 160015 0.983518 0.000000
150016 200019 1.022892 0.000000
160017 200019 2.996378 0.000000
190020 170016 2.806880 0.000000
200021 20001 0.009659 0.000000
10002 210020 0.009793 0.000000
200021 30002 0.013081 0.000000
20003 210020 0.012985 0.000000
30004 210020 0.021561 0.000000
200021 40003 0.020793 0.000000
200021 50004 0.021915 0.000000
40005 210020 0.022281 0.000000
50006 210020 0.020011 0.000000
200021 60005 0.020222 0.000000
200021 70006 0.025203 0.000000
60007 210020 0.025793 0.000000
70008 210020 0.032744 0.000000
200021 80007 0.031871 0.000000
80009 210020 0.037026 0.000000
200021 90008 0.036226 0.000000
90010 210020 0.050938 0.000000
200021 100009 0.050086 0.000000
200021 110010 0.060138 0.000000
100011 210020 0.061078 0.000000
110012 210020 0.087887 0.000000
200021 120011 0.085809 0.000000
200021 130012 0.126856 0.000000
120013 210020 0.130803 0.000000
130014 210020 0.180893 0.000000
200021 140013 0.177712 0.000000
140015 210020 0.312708 0.000000
200021 150014 0.304306 0.000000
150016 210020 0.523245 0.000000
200021 160015 0.507263 0.000000
160017 210020 1.220373 0.000000
200021 170016 1.165840 0.000000
170018 210020 3.288215 0.000000
200021 180017 3.080913 0.000000
10002 220021 0.008728 0.000000
210022 20001 0.008842 0.000000
210022 30002 0.011729 0.000000
20003 220021 0.011463 0.000000
30004 220021 0.019053 0.000000
210022 40003 0.018687 0.000000
210022 50004 0.019496 0.000000
40005 220021 0.019666 0.000000
50006 220021 0.019262 0.000000
210022 60005 0.019448 0.000000
60007 220021 0.023634 0.000000
210022 70006 0.023221 0.000000
70008 220021 0.023356 0.000000
210022 80007 0.024770 0.000000
210022 90008 0.030740 0.000000
80009 220021 0.030735 0.000000
210022 100009 0.041603 0.000000
90010 220021 0.041423 0.000000
210022 110010 0.049182 0.000000
100011 220021 0.048988 0.000000
210022 120011 0.066026 0.000000
110012 220021 0.066283 0.000000
120013 220021 0.094712 0.000000
210022 130012 0.094026 0.000000
210022 140013 0.126401 0.000000
130014 220021 0.126025 0.000000
210022 150014 0.204221 0.000000
140015 220021 0.204978 0.000000
210022 160015 0.306961 0.000000
150016 220021 0.308047 0.000000
160017 220021 0.616562 0.000000
210022 170016 0.607610 0.000000
170018 220021 1.269389 0.000000
210022 180017 1.238933 0.000000
210022 190018 2.783666 0.000000
180019 220021 2.834345 0.000000
220023 20001 0.007641 0.000000
10002 230022 0.007622 0.000000
20003 230022 0.009934 0.000000
220023 30002 0.010110 0.000000
220023 40003 0.015919 0.000000
30004 230022 0.016333 0.000000
40005 230022 0.016682 0.000000
220023 50004 0.016499 0.000000
50006 230022 0.014945 0.000000
220023 60005 0.014932 0.000000
220023 70006 0.019774 0.000000
60007 230022 0.019557 0.000000
70008 230022 0.020421 0.000000
220023 80007 0.020151 0.000000
220023 90008 0.025615 0.000000
80009 230022 0.025432 0.000000
220023 100009 0.033249 0.000000
90010 230022 0.033256 0.000000
220023 110010 0.038228 0.000000
100011 230022 0.038361 0.000000
220023 120011 0.050024 0.000000
110012 230022 0.050596 0.000000
120013 230022 0.070209 0.000000
220023 130012 0.069207 0.000000
220023 140013 0.089540 0.000000
130014 230022 0.089900 0.000000
140015 230022 0.139633 0.000000
220023 150014 0.138217 0.000000
150016 230022 0.197595 0.000000
220023 160015 0.195599 0.000000
160017 230022 0.359011 0.000000
220023 170016 0.351989 0.000000
170018 230022 0.625085 0.000000
220023 180017 0.608852 0.000000
220023 190018 1.068885 0.000000
180019 230022 1.083467 0.000000
220023 200019 2.291528 0.000000
190020 230022 2.446141 0.000000
230024 20001 0.007571 0.000000
10002 240023 0.007587 0.000000
20003 240023 0.009857 0.000000
230024 30002 0.010028 0.000000
230024 40003 0.015683 0.000000
30004 240023 0.016131 0.000000
230024 50004 0.016173 0.000000
40005 240023 0.016352 0.000000
230024 60005 0.014445 0.000000
50006 240023 0.014567 0.000000
230024 70006 0.020350 0.000000
60007 240023 0.019682 0.000000
70008 240023 0.018836 0.000000
230024 80007 0.018858 0.000000
80009 240023 0.023344 0.000000
230024 90008 0.022692 0.000000
90010 240023 0.031635 0.000000
230024 100009 0.031354 0.000000
100011 240023 0.034978 0.000000
230024 110010 0.034806 0.000000
230024 120011 0.044809 0.000000
110012 240023 0.045503 0.000000
120013 240023 0.061491 0.000000
230024 130012 0.060529 0.000000
230024 140013 0.076281 0.000000
130014 240023 0.076813 0.000000
230024 150014 0.113901 0.000000
140015 240023 0.115277 0.000000
150016 240023 0.156561 0.000000
230024 160015 0.154662 0.000000
230024 170016 0.262049 0.000000
160017 240023 0.267859 0.000000
230024 180017 0.409646 0.000000
170018 240023 0.421104 0.000000
230024 190018 0.617633 0.000000
180019 240023 0.625208 0.000000
230024 200019 1.075153 0.000000
190020 240023 1.137560 0.000000
200021 240023 3.324569 0.000000
230024 210020 3.134463 0.000000
10002 250024 0.006019 0.000000
240025 20001 0.006269 0.000000
20003 250024 0.008093 0.000000
240025 30002 0.008122 0.000000
240025 40003 0.012780 0.000000
30004 250024 0.013196 0.000000
40005 250024 0.013280 0.000000
240025 50004 0.013031 0.000000
50006 250024 0.011723 0.000000
240025 60005 0.011579 0.000000
240025 70006 0.015179 0.000000
60007 250024 0.015197 0.000000
70008 250024 0.017095 0.000000
240025 80007 0.017105 0.000000
240025 90008 0.017862 0.000000
80009 250024 0.017967 0.000000
90010 250024 0.023173 0.000000
240025 100009 0.022849 0.000000
100011 250024 0.026810 0.000000
240025 110010 0.026639 0.000000
110012 250024 0.033225 0.000000
240025 120011 0.033082 0.000000
240025 130012 0.044123 0.000000
120013 250024 0.044722 0.000000
130014 250024 0.054707 0.000000
240025 140013 0.054441 0.000000
140015 250024 0.080000 0.000000
240025 150014 0.079213 0.000000
240025 160015 0.103906 0.000000
150016 250024 0.105048 0.000000
160017 250024 0.172357 0.000000
240025 170016 0.169068 0.000000
240025 180017 0.248033 0.000000
170018 250024 0.254016 0.000000
240025 190018 0.340212 0.000000
180019 250024 0.342822 0.000000
190020 250024 0.543510 0.000000
240025 200019 0.520940 0.000000
240025 210020 1.194161 0.000000
200021 250024 1.246169 0.000000
210022 250024 3.311291 0.000000
240025 220021 3.138028 0.000000
250026 20001 0.004789 0.000000
10002 260025 0.005158 0.000000
250026 30002 0.006480 0.000000
20003 260025 0.006062 0.000000
30004 260025 0.010166 0.000000
250026 40003 0.009911 0.000000
40005 260025 0.010232 0.000000
250026 50004 0.010096 0.000000
250026 60005 0.008898 0.000000
50006 260025 0.008935 0.000000
250026 70006 0.011528 0.000000
60007 260025 0.011441 0.000000
250026 80007 0.012053 0.000000
70008 260025 0.011960 0.000000
80009 260025 0.013738 0.000000
250026 90008 0.013604 0.000000
90010 260025 0.017650 0.000000
250026 100009 0.017544 0.000000
100011 260025 0.019358 0.000000
250026 110010 0.019322 0.000000
110012 260025 0.024235 0.000000
250026 120011 0.023767 0.000000
120013 260025 0.031596 0.000000
250026 130012 0.031001 0.000000
250026 140013 0.037424 0.000000
130014 260025 0.037514 0.000000
140015 260025 0.053521 0.000000
250026 150014 0.053271 0.000000
250026 160015 0.067999 0.000000
150016 260025 0.068509 0.000000
160017 260025 0.108473 0.000000
250026 170016 0.106863 0.000000
250026 180017 0.149820 0.000000
170018 260025 0.152821 0.000000
250026 190018 0.193132 0.000000
180019 260025 0.194201 0.000000
250026 200019 0.271311 0.000000
190020 260025 0.281712 0.000000
250026 210020 0.538694 0.000000
200021 260025 0.553725 0.000000
250026 220021 1.151010 0.000000
210022 260025 1.179622 0.000000
250026 230022 2.717683 0.000000
220023 260025 2.811988 0.000000
10002 270026 0.004315 0.000000
260027 20001 0.004327 0.000000
20003 270026 0.005737 0.000000
260027 30002 0.005644 0.000000
260027 40003 0.008638 0.000000
30004 270026 0.008985 0.000000
40005 270026 0.008818 0.000000
260027 50004 0.008748 0.000000
260027 60005 0.007642 0.000000
50006 270026 0.007700 0.000000
260027 70006 0.009897 0.000000
60007 270026 0.009733 0.000000
70008 270026 0.010055 0.000000
260027 80007 0.010162 0.000000
80009 270026 0.011500 0.000000
260027 90008 0.011463 0.000000
260027 100009 0.014636 0.000000
90010 270026 0.014645 0.000000
100011 270026 0.015809 0.000000
260027 110010 0.015821 0.000000
260027 120011 0.019350 0.000000
110012 270026 0.019468 0.000000
120013 270026 0.024635 0.000000
260027 130012 0.024785 0.000000
130014 270026 0.029117 0.000000
260027 140013 0.029223 0.000000
140015 270026 0.040643 0.000000
260027 150014 0.040603 0.000000
150016 270026 0.051030 0.000000
260027 160015 0.050835 0.000000
160017 270026 0.078747 0.000000
260027 170016 0.077938 0.000000
260027 180017 0.105785 0.000000
170018 270026 0.107338 0.000000
180019 270026 0.129457 0.000000
260027 190018 0.130099 0.000000
260027 200019 0.175063 0.000000
190020 270026 0.180450 0.000000
260027 210020 0.308745 0.000000
200021 270026 0.315209 0.000000
210022 270026 0.593726 0.000000
260027 220021 0.584639 0.000000
260027 230022 1.130816 0.000000
220023 270026 1.156156 0.000000
230024 270026 3.269699 0.000000
260027 240023 3.113487 0.000000
10002 280027 0.003851 0.000000
270028 20001 0.003824 0.000000
20003 280027 0.004836 0.000000
270028 30002 0.004933 0.000000
30004 280027 0.007657 0.000000
270028 40003 0.007516 0.000000
270028 50004 0.007735 0.000000
40005 280027 0.007801 0.000000
50006 280027 0.006658 0.000000
270028 60005 0.006580 0.000000
270028 70006 0.008482 0.000000
60007 280027 0.008371 0.000000
270028 80007 0.008686 0.000000
70008 280027 0.008604 0.000000
80009 280027 0.009775 0.000000
270028 90008 0.009710 0.000000
270028 100009 0.012289 0.000000
90010 280027 0.012357 0.000000
100011 280027 0.013226 0.000000
270028 110010 0.013208 0.000000
270028 120011 0.015744 0.000000
110012 280027 0.015899 0.000000
120013 280027 0.020110 0.000000
270028 130012 0.019921 0.000000
270028 140013 0.023223 0.000000
130014 280027 0.023302 0.000000
270028 150014 0.031853 0.000000
140015 280027 0.031879 0.000000
150016 280027 0.039054 0.000000
270028 160015 0.038850 0.000000
270028 170016 0.058006 0.000000
160017 280027 0.058709 0.000000
170018 280027 0.077252 0.000000
270028 180017 0.076048 0.000000
270028 190018 0.090571 0.000000
180019 280027 0.090441 0.000000
190020 280027 0.116919 0.000000
270028 200019 0.113316 0.000000
270028 210020 0.194677 0.000000
200021 280027 0.198517 0.000000
210022 280027 0.336653 0.000000
270028 220021 0.332628 0.000000
220023 280027 0.580557 0.000000
270028 230022 0.569755 0.000000
230024 280027 1.328605 0.000000
270028 240023 1.274809 0.000000
240025 280027 3.367358 0.000000
270028 250024 3.190722 0.000000
10002 290028 0.003349 0.000000
280029 20001 0.003366 0.000000
280029 30002 0.004408 0.000000
20003 290028 0.004287 0.000000
30004 290028 0.006795 0.000000
280029 40003 0.006648 0.000000
40005 290028 0.006605 0.000000
280029 50004 0.006656 0.000000
280029 60005 0.005728 0.000000
50006 290028 0.005559 0.000000
60007 290028 0.007200 0.000000
280029 70006 0.007281 0.000000
70008 290028 0.007399 0.000000
280029 80007 0.007452 0.000000
280029 90008 0.008269 0.000000
80009 290028 0.008270 0.000000
280029 100009 0.010388 0.000000
90010 290028 0.010380 0.000000
100011 290028 0.010933 0.000000
280029 110010 0.010947 0.000000
280029 120011 0.013103 0.000000
110012 290028 0.013135 0.000000
280029 130012 0.016284 0.000000
120013 290028 0.016384 0.000000
280029 140013 0.018649 0.000000
130014 290028 0.018539 0.000000
280029 150014 0.024957 0.000000
140015 290028 0.024964 0.000000
150016 290028 0.030148 0.000000
280029 160015 0.030029 0.000000
280029 170016 0.044004 0.000000
160017 290028 0.044313 0.000000
170018 290028 0.057212 0.000000
280029 180017 0.056614 0.000000
280029 190018 0.065212 0.000000
180019 290028 0.064796 0.000000
190020 290028 0.082791 0.000000
280029 200019 0.080980 0.000000
280029 210020 0.126207 0.000000
200021 290028 0.127829 0.000000
280029 220021 0.205759 0.000000
210022 290028 0.207448 0.000000
220023 290028 0.326609 0.000000
280029 230022 0.323497 0.000000
230024 290028 0.657773 0.000000
280029 240023 0.640360 0.000000
280029 250024 1.293381 0.000000
240025 290028 1.338431 0.000000
280029 260025 2.964950 0.000000
250026 290028 3.061363 0.000000
290030 20001 0.003009 0.000000
10002 300029 0.002950 0.000000
20003 300029 0.003756 0.000000
290030 30002 0.003847 0.000000
30004 300029 0.005984 0.000000
290030 40003 0.005839 0.000000
40005 300029 0.005917 0.000000
290030 50004 0.005863 0.000000
50006 300029 0.005214 0.000000
290030 60005 0.004977 0.000000
60007 300029 0.006161 0.000000
290030 70006 0.006330 0.000000
290030 80007 0.006459 0.000000
70008 300029 0.006353 0.000000
80009 300029 0.007177 0.000000
290030 90008 0.007117 0.000000
290030 100009 0.008888 0.000000
90010 300029 0.008889 0.000000
290030 110010 0.009351 0.000000
100011 300029 0.009354 0.000000
110012 300029 0.010908 0.000000
290030 120011 0.010866 0.000000
120013 300029 0.013466 0.000000
290030 130012 0.013397 0.000000
130014 300029 0.015206 0.000000
290030 140013 0.015281 0.000000
290030 150014 0.020363 0.000000
140015 300029 0.020337 0.000000
290030 160015 0.023909 0.000000
150016 300029 0.023747 0.000000
160017 300029 0.034368 0.000000
290030 170016 0.034275 0.000000
170018 300029 0.042826 0.000000
290030 180017 0.042531 0.000000
180019 300029 0.047711 0.000000
290030 190018 0.048208 0.000000
290030 200019 0.054993 0.000000
190020 300029 0.056048 0.000000
290030 210020 0.089122 0.000000
200021 300029 0.089871 0.000000
210022 300029 0.133808 0.000000
290030 220021 0.133911 0.000000
290030 230022 0.198187 0.000000
220023 300029 0.198745 0.000000
230024 300029 0.363239 0.000000
290030 240023 0.355969 0.000000
240025 300029 0.639366 0.000000
290030 250024 0.624927 0.000000
290030 260025 1.164074 0.000000
250026 300029 1.187356 0.000000
290030 270026 2.841150 0.000000
260027 300029 2.945410 0.000000
300031 20001 0.002867 0.000000
10002 310030 0.002839 0.000000
20003 310030 0.002306 0.000000
300031 30002 0.003698 0.000000
300031 40003 0.005589 0.000000
30004 310030 0.005691 0.000000
300031 50004 0.005532 0.000000
40005 310030 0.005537 0.000000
300031 60005 0.004733 0.000000
50006 310030 0.004754 0.000000
60007 310030 0.005866 0.000000
300031 70006 0.005992 0.000000
300031 80007 0.005957 0.000000
70008 310030 0.006458 0.000000
80009 310030 0.006577 0.000000
300031 90008 0.006576 0.000000
90010 310030 0.008178 0.000000
300031 100009 0.008182 0.000000
300031 110010 0.008435 0.000000
100011 310030 0.008474 0.000000
110012 310030 0.009922 0.000000
300031 120011 0.009940 0.000000
120013 310030 0.012117 0.000000
300031 130012 0.012088 0.000000
130014 310030 0.013365 0.000000
300031 140013 0.013430 0.000000
140015 310030 0.017398 0.000000
300031 150014 0.017401 0.000000
150016 310030 0.020415 0.000000
300031 160015 0.020447 0.000000
300031 170016 0.029063 0.000000
160017 310030 0.029107 0.000000
300031 180017 0.035700 0.000000
170018 310030 0.036225 0.000000
300031 190018 0.039223 0.000000
180019 310030 0.038606 0.000000
300031 200019 0.047004 0.000000
190020 310030 0.048454 0.000000
200021 310030 0.066209 0.000000
300031 210020 0.065720 0.000000
210022 310030 0.098863 0.000000
300031 220021 0.098843 0.000000
300031 230022 0.138775 0.000000
220023 310030 0.139204 0.000000
300031 240023 0.236180 0.000000
230024 310030 0.238869 0.000000
300031 250024 0.377496 0.000000
240025 310030 0.385280 0.000000
250026 310030 0.631798 0.000000
300031 260025 0.622551 0.000000
260027 310030 1.255257 0.000000
300031 270026 1.222749 0.000000
270028 310030 3.002972 0.000000
300031 280027 2.852848 0.000000
10002 320031 0.002515 0.000000
310032 20001 0.002511 0.000000
310032 30002 0.003181 0.000000
20003 320031 0.004438 0.000000
310032 40003 0.004815 0.000000
30004 320031 0.004962 0.000000
40005 320031 0.004896 0.000000
310032 50004 0.004841 0.000000
50006 320031 0.004122 0.000000
310032 60005 0.004080 0.000000
60007 320031 0.005119 0.000000
310032 70006 0.005116 0.000000
70008 320031 0.004576 0.000000
310032 80007 0.004978 0.000000
310032 90008 0.005805 0.000000
80009 320031 0.005880 0.000000
90010 320031 0.006971 0.000000
310032 100009 0.006950 0.000000
100011 320031 0.007195 0.000000
310032 110010 0.007217 0.000000
110012 320031 0.008325 0.000000
310032 120011 0.008231 0.000000
120013 320031 0.010033 0.000000
310032 130012 0.009978 0.000000
310032 140013 0.011098 0.000000
130014 320031 0.011134 0.000000
310032 150014 0.014555 0.000000
140015 320031 0.014572 0.000000
150016 320031 0.016600 0.000000
310032 160015 0.016605 0.000000
160017 320031 0.023156 0.000000
310032 170016 0.023083 0.000000
170018 320031 0.027530 0.000000
310032 180017 0.027315 0.000000
310032 190018 0.030149 0.000000
180019 320031 0.029638 0.000000
310032 200019 0.031818 0.000000
190020 320031 0.031817 0.000000
310032 210020 0.050431 0.000000
200021 320031 0.050679 0.000000
310032 220021 0.069243 0.000000
210022 320031 0.068976 0.000000
220023 320031 0.093824 0.000000
310032 230022 0.093870 0.000000
310032 240023 0.149676 0.000000
230024 320031 0.153305 0.000000
310032 250024 0.222356 0.000000
240025 320031 0.225532 0.000000
310032 260025 0.331125 0.000000
250026 320031 0.334353 0.000000
260027 320031 0.605350 0.000000
310032 270026 0.594088 0.000000
270028 320031 1.152630 0.000000
310032 280027 1.113993 0.000000
310032 290028 2.717294 0.000000
280029 320031 2.824985 0.000000
320033 20001 0.002373 0.000000
10002 330032 0.002422 0.000000
320033 30002 0.003029 0.000000
20003 330032 0.002961 0.000000
320033 40003 0.004569 0.000000
30004 330032 0.004674 0.000000
40005 330032 0.004571 0.000000
320033 50004 0.004488 0.000000
50006 330032 0.003852 0.000000
320033 60005 0.003806 0.000000
320033 70006 0.004775 0.000000
60007 330032 0.004691 0.000000
70008 330032 0.004710 0.000000
320033 80007 0.004720 0.000000
320033 90008 0.005157 0.000000
80009 330032 0.005020 0.000000
90010 330032 0.006350 0.000000
320033 100009 0.006358 0.000000
320033 110010 0.006525 0.000000
100011 330032 0.006562 0.000000
110012 330032 0.007547 0.000000
320033 120011 0.007485 0.000000
320033 130012 0.008910 0.000000
120013 330032 0.009037 0.000000
130014 330032 0.009894 0.000000
320033 140013 0.009857 0.000000
320033 150014 0.012664 0.000000
140015 330032 0.012730 0.000000
150016 330032 0.014475 0.000000
320033 160015 0.014435 0.000000
160017 330032 0.020010 0.000000
320033 170016 0.019829 0.000000
170018 330032 0.023798 0.000000
320033 180017 0.023512 0.000000
320033 190018 0.025042 0.000000
180019 330032 0.025136 0.000000
320033 200019 0.027239 0.000000
190020 330032 0.028013 0.000000
200021 330032 0.040008 0.000000
320033 210020 0.039592 0.000000
210022 330032 0.054308 0.000000
320033 220021 0.054166 0.000000
320033 230022 0.071178 0.000000
220023 330032 0.071515 0.000000
320033 240023 0.109675 0.000000
230024 330032 0.111767 0.000000
320033 250024 0.154875 0.000000
240025 330032 0.157797 0.000000
320033 260025 0.217229 0.000000
250026 330032 0.220135 0.000000
320033 270026 0.354999 0.000000
260027 330032 0.362294 0.000000
270028 330032 0.620091 0.000000
320033 280027 0.600168 0.000000
320033 290028 1.183370 0.000000
280029 330032 1.220228 0.000000
320033 300029 2.806512 0.000000
290030 330032 2.936236 0.000000
10002 340033 0.002133 0.000000
330034 20001 0.001951 0.000000
330034 30002 0.002762 0.000000
20003 340033 0.002541 0.000000
330034 40003 0.003964 0.000000
30004 340033 0.004031 0.000000
40005 340033 0.003914 0.000000
330034 50004 0.003939 0.000000
330034 60005 0.003326 0.000000
50006 340033 0.003283 0.000000
60007 340033 0.003996 0.000000
330034 70006 0.004096 0.000000
70008 340033 0.004017 0.000000
330034 80007 0.004096 0.000000
330034 90008 0.004479 0.000000
80009 340033 0.004428 0.000000
330034 100009 0.005483 0.000000
90010 340033 0.005460 0.000000
330034 110010 0.005574 0.000000
100011 340033 0.005462 0.000000
330034 120011 0.006276 0.000000
110012 340033 0.006244 0.000000
330034 130012 0.007529 0.000000
120013 340033 0.007458 0.000000
330034 140013 0.008238 0.000000
130014 340033 0.008089 0.000000
330034 150014 0.010506 0.000000
140015 340033 0.010342 0.000000
330034 160015 0.011814 0.000000
150016 340033 0.011634 0.000000
160017 340033 0.015933 0.000000
330034 170016 0.016119 0.000000
170018 340033 0.018707 0.000000
330034 180017 0.018890 0.000000
330034 190018 0.019854 0.000000
180019 340033 0.019367 0.000000
190020 340033 0.021077 0.000000
330034 200019 0.021208 0.000000
330034 210020 0.030268 0.000000
200021 340033 0.029919 0.000000
330034 220021 0.040398 0.000000
210022 340033 0.039672 0.000000
220023 340033 0.050876 0.000000
330034 230022 0.051709 0.000000
330034 240023 0.077289 0.000000
230024 340033 0.077048 0.000000
240025 340033 0.104022 0.000000
330034 250024 0.104538 0.000000
250026 340033 0.138160 0.000000
330034 260025 0.139528 0.000000
330034 270026 0.214598 0.000000
260027 340033 0.213995 0.000000
330034 280027 0.335502 0.000000
270028 340033 0.337768 0.000000
280029 340033 0.585561 0.000000
330034 290028 0.583618 0.000000
330034 300029 1.123646 0.000000
290030 340033 1.136061 0.000000
330034 310030 2.927435 0.000000
300031 340033 2.957264 0.000000
10002 350034 0.001369 0.000000
340035 20001 0.001815 0.000000
340035 30002 0.002107 0.000000
20003 350034 0.002105 0.000000
340035 40003 0.003233 0.000000
30004 350034 0.003333 0.000000
40005 350034 0.003233 0.000000
340035 50004 0.003169 0.000000
340035 60005 0.002683 0.000000
50006 350034 0.002693 0.000000
340035 70006 0.003314 0.000000
60007 350034 0.003278 0.000000
340035 80007 0.003255 0.000000
70008 350034 0.003282 0.000000
340035 90008 0.003550 0.000000
80009 350034 0.003586 0.000000
340035 100009 0.004327 0.000000
90010 350034 0.004369 0.000000
340035 110010 0.004304 0.000000
100011 350034 0.004454 0.000000
110012 350034 0.004691 0.000000
340035 120011 0.005017 0.000000
120013 350034 0.005930 0.000000
340035 130012 0.005842 0.000000
340035 140013 0.006405 0.000000
130014 350034 0.006433 0.000000
340035 150014 0.008088 0.000000
140015 350034 0.008132 0.000000
340035 160015 0.009037 0.000000
150016 350034 0.009086 0.000000
160017 350034 0.012337 0.000000
340035 170016 0.012232 0.000000
340035 180017 0.014139 0.000000
170018 350034 0.014326 0.000000
340035 190018 0.014730 0.000000
180019 350034 0.014676 0.000000
340035 200019 0.015488 0.000000
190020 350034 0.015933 0.000000
340035 210020 0.021637 0.000000
200021 350034 0.022074 0.000000
340035 220021 0.028790 0.000000
210022 350034 0.029484 0.000000
340035 230022 0.035865 0.000000
220023 350034 0.036041 0.000000
340035 240023 0.052317 0.000000
230024 350034 0.053304 0.000000
340035 250024 0.068572 0.000000
240025 350034 0.069822 0.000000
340035 260025 0.088093 0.000000
250026 350034 0.089172 0.000000
340035 270026 0.129666 0.000000
260027 350034 0.132062 0.000000
340035 280027 0.192441 0.000000
270028 350034 0.197970 0.000000
280029 350034 0.316982 0.000000
340035 290028 0.309749 0.000000
340035 300029 0.533773 0.000000
290030 350034 0.551482 0.000000
300031 350034 1.177517 0.000000
340035 310030 1.145547 0.000000
340035 320031 2.602036 0.000000
310032 350034 2.774686 0.000000
350036 20001 0.001867 0.000000
10002 360035 0.002097 0.000000
20003 360035 0.001919 0.000000
350036 30002 0.002079 0.000000
30004 360035 0.003359 0.000000
350036 40003 0.003295 0.000000
350036 50004 0.003260 0.000000
40005 360035 0.003297 0.000000
350036 60005 0.002713 0.000000
50006 360035 0.002727 0.000000
60007 360035 0.003302 0.000000
350036 70006 0.003339 0.000000
70008 360035 0.003286 0.000000
350036 80007 0.003324 0.000000
350036 90008 0.003546 0.000000
80009 360035 0.003580 0.000000
90010 360035 0.004338 0.000000
350036 100009 0.004360 0.000000
100011 360035 0.004376 0.000000
350036 110010 0.004409 0.000000
350036 120011 0.005001 0.000000
110012 360035 0.005229 0.000000
120013 360035 0.006225 0.000000
350036 130012 0.005721 0.000000
130014 360035 0.006189 0.000000
350036 140013 0.006239 0.000000
350036 150014 0.007858 0.000000
140015 360035 0.007855 0.000000
150016 360035 0.008683 0.000000
350036 160015 0.008740 0.000000
350036 170016 0.011706 0.000000
160017 360035 0.011689 0.000000
350036 180017 0.013491 0.000000
170018 360035 0.013483 0.000000
180019 360035 0.013760 0.000000
350036 190018 0.013844 0.000000
190020 360035 0.014790 0.000000
350036 200019 0.014581 0.000000
350036 210020 0.019861 0.000000
200021 360035 0.019769 0.000000
210022 360035 0.024662 0.000000
350036 220021 0.025757 0.000000
220023 360035 0.031287 0.000000
350036 230022 0.031572 0.000000
350036 240023 0.045145 0.000000
230024 360035 0.045364 0.000000
240025 360035 0.057609 0.000000
350036 250024 0.057447 0.000000
350036 260025 0.071454 0.000000
250026 360035 0.071271 0.000000
350036 270026 0.100495 0.000000
260027 360035 0.100742 0.000000
270028 360035 0.144974 0.000000
350036 280027 0.143310 0.000000
350036 290028 0.215881 0.000000
280029 360035 0.216953 0.000000
290030 360035 0.350799 0.000000
350036 300029 0.346879 0.000000
350036 310030 0.651095 0.000000
300031 360035 0.654739 0.000000
310032 360035 1.304802 0.000000
350036 320031 1.261869 0.000000
350036 330032 3.358957 0.000000
320033 360035 3.497456 0.000000
10002 370036 0.001621 0.000000
360037 20001 0.001620 0.000000
20003 370036 0.002263 0.000000
360037 30002 0.002126 0.000000
360037 40003 0.003039 0.000000
30004 370036 0.003344 0.000000
360037 50004 0.003041 0.000000
40005 370036 0.003020 0.000000
360037 60005 0.002543 0.000000
50006 370036 0.002525 0.000000
60007 370036 0.003078 0.000000
360037 70006 0.003071 0.000000
360037 80007 0.003015 0.000000
70008 370036 0.003013 0.000000
80009 370036 0.003302 0.000000
360037 90008 0.003307 0.000000
90010 370036 0.003980 0.000000
360037 100009 0.003989 0.000000
360037 110010 0.003976 0.000000
100011 370036 0.004010 0.000000
110012 370036 0.004453 0.000000
360037 120011 0.004461 0.000000
120013 370036 0.004793 0.000000
360037 130012 0.005252 0.000000
360037 140013 0.005571 0.000000
130014 370036 0.005494 0.000000
360037 150014 0.006974 0.000000
140015 370036 0.006932 0.000000
360037 160015 0.007712 0.000000
150016 370036 0.007714 0.000000
360037 170016 0.010244 0.000000
160017 370036 0.010242 0.000000
360037 180017 0.011673 0.000000
170018 370036 0.011702 0.000000
180019 370036 0.011617 0.000000
360037 190018 0.011873 0.000000
190020 370036 0.012416 0.000000
360037 200019 0.012243 0.000000
200021 370036 0.016678 0.000000
360037 210020 0.016684 0.000000
210022 370036 0.021011 0.000000
360037 220021 0.021188 0.000000
220023 370036 0.025518 0.000000
360037 230022 0.025616 0.000000
360037 240023 0.035669 0.000000
230024 370036 0.035797 0.000000
240025 370036 0.044435 0.000000
360037 250024 0.044168 0.000000
250026 370036 0.053247 0.000000
360037 260025 0.053258 0.000000
360037 270026 0.072767 0.000000
260027 370036 0.073086 0.000000
270028 370036 0.100687 0.000000
360037 280027 0.099463 0.000000
280029 370036 0.143930 0.000000
360037 290028 0.142996 0.000000
360037 300029 0.213873 0.000000
290030 370036 0.216154 0.000000
360037 310030 0.370108 0.000000
300031 370036 0.372111 0.000000
360037 320031 0.630092 0.000000
310032 370036 0.648261 0.000000
320033 370036 1.413579 0.000000
360037 330032 1.368484 0.000000
330034 370036 3.636947 0.000000
360037 340033 3.470763 0.000000
370038 20001 0.001292 0.000000
10002 380037 0.001307 0.000000
370038 30002 0.001594 0.000000
20003 380037 0.001578 0.000000
370038 40003 0.002341 0.000000
30004 380037 0.002281 0.000000
370038 50004 0.002421 0.000000
40005 380037 0.002449 0.000000
50006 380037 0.001935 0.000000
370038 60005 0.001917 0.000000
60007 380037 0.002307 0.000000
370038 70006 0.002435 0.000000
370038 80007 0.002328 0.000000
70008 380037 0.002324 0.000000
80009 380037 0.002534 0.000000
370038 90008 0.002516 0.000000
370038 100009 0.003063 0.000000
90010 380037 0.003033 0.000000
370038 110010 0.003021 0.000000
100011 380037 0.003047 0.000000
110012 380037 0.003404 0.000000
370038 120011 0.003427 0.000000
120013 380037 0.003955 0.000000
370038 130012 0.003962 0.000000
370038 140013 0.004176 0.000000
130014 380037 0.004279 0.000000
140015 380037 0.005126 0.000000
370038 150014 0.005211 0.000000
370038 160015 0.005650 0.000000
150016 380037 0.005694 0.000000
370038 170016 0.007557 0.000000
160017 380037 0.007564 0.000000
370038 180017 0.008500 0.000000
170018 380037 0.008581 0.000000
370038 190018 0.008648 0.000000
180019 380037 0.008531 0.000000
370038 200019 0.008500 0.000000
190020 380037 0.009021 0.000000
370038 210020 0.012246 0.000000
200021 380037 0.011813 0.000000
210022 380037 0.014736 0.000000
370038 220021 0.014758 0.000000
370038 230022 0.017666 0.000000
220023 380037 0.017586 0.000000
230024 380037 0.024423 0.000000
370038 240023 0.024210 0.000000
370038 250024 0.029208 0.000000
240025 380037 0.029256 0.000000
250026 380037 0.034598 0.000000
370038 260025 0.034528 0.000000
370038 270026 0.045489 0.000000
260027 380037 0.045698 0.000000
270028 380037 0.061104 0.000000
370038 280027 0.060343 0.000000
370038 290028 0.082762 0.000000
280029 380037 0.083241 0.000000
290030 380037 0.119157 0.000000
370038 300029 0.118257 0.000000
370038 310030 0.189222 0.000000
300031 380037 0.190001 0.000000
370038 320031 0.297324 0.000000
310032 380037 0.304286 0.000000
370038 330032 0.564235 0.000000
320033 380037 0.578495 0.000000
370038 340033 1.171914 0.000000
330034 380037 1.211421 0.000000
340035 380037 2.585213 0.000000
370038 350034 2.477297 0.000000
10002 390038 0.001324 0.000000
380039 20001 0.001313 0.000000
20003 390038 0.001645 0.000000
380039 30002 0.001696 0.000000
380039 40003 0.002530 0.000000
30004 390038 0.002571 0.000000
380039 50004 0.002517 0.000000
40005 390038 0.002418 0.000000
380039 60005 0.001988 0.000000
50006 390038 0.001907 0.000000
380039 70006 0.002652 0.000000
60007 390038 0.002431 0.000000
380039 80007 0.002260 0.000000
70008 390038 0.002467 0.000000
380039 90008 0.002664 0.000000
80009 390038 0.002623 0.000000
90010 390038 0.003164 0.000000
380039 100009 0.003111 0.000000
380039 110010 0.003154 0.000000
100011 390038 0.003151 0.000000
380039 120011 0.003371 0.000000
110012 390038 0.003470 0.000000
120013 390038 0.004030 0.000000
380039 130012 0.003992 0.000000
130014 390038 0.004301 0.000000
380039 140013 0.004265 0.000000
380039 150014 0.005333 0.000000
140015 390038 0.005376 0.000000
150016 390038 0.005845 0.000000
380039 160015 0.005682 0.000000
380039 170016 0.007581 0.000000
160017 390038 0.007611 0.000000
380039 180017 0.008524 0.000000
170018 390038 0.008553 0.000000
380039 190018 0.008550 0.000000
180019 390038 0.008439 0.000000
380039 200019 0.008524 0.000000
190020 390038 0.008647 0.000000
380039 210020 0.011609 0.000000
200021 390038 0.011629 0.000000
210022 390038 0.014169 0.000000
380039 220021 0.014233 0.000000
380039 230022 0.016731 0.000000
220023 390038 0.016735 0.000000
230024 390038 0.022786 0.000000
380039 240023 0.022566 0.000000
240025 390038 0.027014 0.000000
380039 250024 0.026763 0.000000
380039 260025 0.030608 0.000000
250026 390038 0.030650 0.000000
260027 390038 0.040324 0.000000
380039 270026 0.040069 0.000000
380039 280027 0.051441 0.000000
270028 390038 0.052239 0.000000
280029 390038 0.069849 0.000000
380039 290028 0.069240 0.000000
380039 300029 0.093016 0.000000
290030 390038 0.093938 0.000000
300031 390038 0.146488 0.000000
380039 310030 0.145871 0.000000
310032 390038 0.211458 0.000000
380039 320031 0.206287 0.000000
380039 330032 0.358815 0.000000
320033 390038 0.367613 0.000000
380039 340033 0.651474 0.000000
330034 390038 0.670203 0.000000
340035 390038 1.186165 0.000000
380039 350034 1.144857 0.000000
350036 390038 3.358455 0.000000
380039 360035 3.195929 0.000000
390040 20001 0.001189 0.000000
10002 400039 0.001107 0.000000
20003 400039 0.001419 0.000000
390040 30002 0.001435 0.000000
30004 400039 0.002199 0.000000
390040 40003 0.002171 0.000000
40005 400039 0.002131 0.000000
390040 50004 0.002129 0.000000
50006 400039 0.001894 0.000000
390040 60005 0.001672 0.000000
60007 400039 0.002016 0.000000
390040 70006 0.002200 0.000000
390040 80007 0.002024 0.000000
70008 400039 0.002038 0.000000
390040 90008 0.002253 0.000000
80009 400039 0.002252 0.000000
90010 400039 0.002669 0.000000
390040 100009 0.002656 0.000000
390040 110010 0.002686 0.000000
100011 400039 0.002681 0.000000
110012 400039 0.002909 0.000000
390040 120011 0.002941 0.000000
120013 400039 0.003372 0.000000
390040 130012 0.003335 0.000000
390040 140013 0.003602 0.000000
130014 400039 0.003576 0.000000
140015 400039 0.004424 0.000000
390040 150014 0.004468 0.000000
390040 160015 0.004748 0.000000
150016 400039 0.004706 0.000000
160017 400039 0.006517 0.000000
390040 170016 0.006314 0.000000
390040 180017 0.006960 0.000000
170018 400039 0.006943 0.000000
390040 190018 0.006908 0.000000
180019 400039 0.006875 0.000000
390040 200019 0.006921 0.000000
190020 400039 0.006940 0.000000
200021 400039 0.009351 0.000000
390040 210020 0.009255 0.000000
210022 400039 0.011244 0.000000
390040 220021 0.011419 0.000000
390040 230022 0.013201 0.000000
220023 400039 0.013148 0.000000
230024 400039 0.017657 0.000000
390040 240023 0.017598 0.000000
240025 400039 0.020567 0.000000
390040 250024 0.020539 0.000000
250026 400039 0.023066 0.000000
390040 260025 0.023154 0.000000
260027 400039 0.029959 0.000000
390040 270026 0.029793 0.000000
270028 400039 0.037582 0.000000
390040 280027 0.037316 0.000000
280029 400039 0.049227 0.000000
390040 290028 0.049102 0.000000
290030 400039 0.063516 0.000000
390040 300029 0.063377 0.000000
390040 310030 0.096428 0.000000
300031 400039 0.096046 0.000000
390040 320031 0.127448 0.000000
310032 400039 0.129386 0.000000
320033 400039 0.209707 0.000000
390040 330032 0.207011 0.000000
390040 340033 0.340785 0.000000
330034 400039 0.345437 0.000000
390040 350034 0.530612 0.000000
340035 400039 0.539873 0.000000
390040 360035 1.220004 0.000000
350036 400039 1.252717 0.000000
360037 400039 3.241843 0.000000
390040 370036 3.126052 0.000000
10002 410040 0.001070 0.000000
400041 20001 0.001060 0.000000
20003 410040 0.001300 0.000000
400041 30002 0.001339 0.000000
30004 410040 0.002035 0.000000
400041 40003 0.002044 0.000000
40005 410040 0.001920 0.000000
400041 50004 0.001953 0.000000
400041 60005 0.001606 0.000000
50006 410040 0.001603 0.000000
60007 410040 0.001992 0.000000
400041 70006 0.002187 0.000000
400041 80007 0.001689 0.000000
70008 410040 0.002194 0.000000
400041 90008 0.002005 0.000000
80009 410040 0.002019 0.000000
400041 100009 0.002441 0.000000
90010 410040 0.002427 0.000000
100011 410040 0.002421 0.000000
400041 110010 0.002429 0.000000
400041 120011 0.002618 0.000000
110012 410040 0.002628 0.000000
120013 410040 0.003030 0.000000
400041 130012 0.003054 0.000000
400041 140013 0.003243 0.000000
130014 410040 0.003212 0.000000
140015 410040 0.003956 0.000000
400041 150014 0.003991 0.000000
150016 410040 0.004266 0.000000
400041 160015 0.004299 0.000000
400041 170016 0.005861 0.000000
160017 410040 0.005301 0.000000
400041 180017 0.005803 0.000000
170018 410040 0.006360 0.000000
400041 190018 0.006127 0.000000
180019 410040 0.006038 0.000000
190020 410040 0.005975 0.000000
400041 200019 0.005915 0.000000
200021 410040 0.008154 0.000000
400041 210020 0.008192 0.000000
210022 410040 0.009633 0.000000
400041 220021 0.009741 0.000000
220023 410040 0.011209 0.000000
400041 230022 0.011283 0.000000
400041 240023 0.014834 0.000000
230024 410040 0.014903 0.000000
400041 250024 0.017245 0.000000
240025 410040 0.017340 0.000000
250026 410040 0.018909 0.000000
400041 260025 0.019011 0.000000
400041 270026 0.024237 0.000000
260027 410040 0.023868 0.000000
400041 280027 0.029456 0.000000
270028 410040 0.029759 0.000000
280029 410040 0.038327 0.000000
400041 290028 0.038342 0.000000
400041 300029 0.047793 0.000000
290030 410040 0.047771 0.000000
400041 310030 0.071238 0.000000
300031 410040 0.070782 0.000000
400041 320031 0.088724 0.000000
310032 410040 0.089890 0.000000
320033 410040 0.138153 0.000000
400041 330032 0.136895 0.000000
400041 340033 0.208987 0.000000
330034 410040 0.210882 0.000000
340035 410040 0.301768 0.000000
400041 350034 0.298234 0.000000
350036 410040 0.615098 0.000000
400041 360035 0.603212 0.000000
360037 410040 1.311344 0.000000
400041 370036 1.280967 0.000000
400041 380037 2.759875 0.000000
370038 410040 2.870161 0.000000
410042 20001 0.000998 0.000000
10002 420041 0.001007 0.000000
20003 420041 0.001241 0.000000
410042 30002 0.001273 0.000000
410042 40003 0.001844 0.000000
30004 420041 0.001931 0.000000
40005 420041 0.001889 0.000000
410042 50004 0.001756 0.000000
410042 60005 0.001481 0.000000
50006 420041 0.001490 0.000000
60007 420041 0.001766 0.000000
410042 70006 0.001784 0.000000
70008 420041 0.001406 0.000000
410042 80007 0.001597 0.000000
80009 420041 0.002089 0.000000
410042 90008 0.001957 0.000000
90010 420041 0.002223 0.000000
410042 100009 0.002196 0.000000
100011 420041 0.002175 0.000000
410042 110010 0.002146 0.000000
110012 420041 0.002421 0.000000
410042 120011 0.002407 0.000000
120013 420041 0.002782 0.000000
410042 130012 0.002746 0.000000
130014 420041 0.002877 0.000000
410042 140013 0.002868 0.000000
140015 420041 0.003431 0.000000
410042 150014 0.003443 0.000000
410042 160015 0.003736 0.000000
150016 420041 0.003730 0.000000
160017 420041 0.004836 0.000000
410042 170016 0.004832 0.000000
410042 180017 0.005271 0.000000
170018 420041 0.005214 0.000000
410042 190018 0.005393 0.000000
180019 420041 0.005082 0.000000
190020 420041 0.005662 0.000000
410042 200019 0.005526 0.000000
200021 420041 0.006639 0.000000
410042 210020 0.006635 0.000000
210022 420041 0.008272 0.000000
410042 220021 0.008300 0.000000
220023 420041 0.009446 0.000000
410042 230022 0.009467 0.000000
410042 240023 0.012477 0.000000
230024 420041 0.012536 0.000000
410042 250024 0.014127 0.000000
240025 420041 0.014146 0.000000
410042 260025 0.015538 0.000000
250026 420041 0.015573 0.000000
260027 420041 0.018706 0.000000
410042 270026 0.018661 0.000000
270028 420041 0.023202 0.000000
410042 280027 0.022831 0.000000
410042 290028 0.028004 0.000000
280029 420041 0.027806 0.000000
290030 420041 0.036493 0.000000
410042 300029 0.036363 0.000000
300031 420041 0.046662 0.000000
410042 310030 0.046804 0.000000
410042 320031 0.064642 0.000000
310032 420041 0.065801 0.000000
410042 330032 0.093042 0.000000
320033 420041 0.093751 0.000000
410042 340033 0.135706 0.000000
330034 420041 0.137509 0.000000
340035 420041 0.186331 0.000000
410042 350034 0.183825 0.000000
350036 420041 0.342090 0.000000
410042 360035 0.334506 0.000000
360037 420041 0.637889 0.000000
410042 370036 0.625587 0.000000
410042 380037 1.061643 0.000000
370038 420041 1.097506 0.000000
380039 420041 2.970401 0.000000
410042 390038 2.849517 0.000000
420043 20001 0.000933 0.000000
10002 430042 0.000933 0.000000
20003 430042 0.001108 0.000000
420043 30002 0.001131 0.000000
30004 430042 0.001715 0.000000
420043 40003 0.001714 0.000000
420043 50004 0.001674 0.000000
40005 430042 0.001657 0.000000
420043 60005 0.001319 0.000000
50006 430042 0.001357 0.000000
60007 430042 0.001601 0.000000
420043 70006 0.001694 0.000000
420043 80007 0.001580 0.000000
70008 430042 0.001552 0.000000
80009 430042 0.001472 0.000000
420043 90008 0.001422 0.000000
420043 100009 0.002292 0.000000
90010 430042 0.001780 0.000000
100011 430042 0.001942 0.000000
420043 110010 0.001957 0.000000
110012 430042 0.002198 0.000000
420043 120011 0.002199 0.000000
120013 430042 0.002479 0.000000
420043 130012 0.002492 0.000000
130014 430042 0.002577 0.000000
420043 140013 0.002568 0.000000
140015 430042 0.003107 0.000000
420043 150014 0.003143 0.000000
420043 160015 0.003370 0.000000
150016 430042 0.003354 0.000000
160017 430042 0.004342 0.000000
420043 170016 0.004379 0.000000
420043 180017 0.004797 0.000000
170018 430042 0.004805 0.000000
180019 430042 0.004773 0.000000
420043 190018 0.004404 0.000000
420043 200019 0.005140 0.000000
190020 430042 0.005199 0.000000
200021 430042 0.005932 0.000000
420043 210020 0.006003 0.000000
420043 220021 0.007269 0.000000
210022 430042 0.007243 0.000000
220023 430042 0.008176 0.000000
420043 230022 0.008310 0.000000
420043 240023 0.010791 0.000000
230024 430042 0.010725 0.000000
240025 430042 0.011593 0.000000
420043 250024 0.012128 0.000000
250026 430042 0.013068 0.000000
420043 260025 0.013200 0.000000
420043 270026 0.015957 0.000000
260027 430042 0.015879 0.000000
420043 280027 0.019091 0.000000
270028 430042 0.019197 0.000000
420043 290028 0.023307 0.000000
280029 430042 0.023300 0.000000
290030 430042 0.028680 0.000000
420043 300029 0.029341 0.000000
420043 310030 0.039103 0.000000
300031 430042 0.038805 0.000000
420043 320031 0.048738 0.000000
310032 430042 0.048649 0.000000
420043 330032 0.068285 0.000000
320033 430042 0.068221 0.000000
330034 430042 0.093973 0.000000
420043 340033 0.094310 0.000000
340035 430042 0.119638 0.000000
420043 350034 0.120193 0.000000
350036 430042 0.204859 0.000000
420043 360035 0.204404 0.000000
420043 370036 0.342912 0.000000
360037 430042 0.341821 0.000000
420043 380037 0.518282 0.000000
370038 430042 0.523053 0.000000
420043 390038 1.155712 0.000000
380039 430042 1.173584 0.000000
420043 400039 2.652594 0.000000
390040 430042 2.697451 0.000000
10002 440043 0.001039 0.000000
430044 20001 0.000999 0.000000
430044 30002 0.001294 0.000000
20003 440043 0.001271 0.000000
430044 40003 0.001898 0.000000
30004 440043 0.001944 0.000000
40005 440043 0.001877 0.000000
430044 50004 0.001821 0.000000
50006 440043 0.001524 0.000000
430044 60005 0.001550 0.000000
430044 70006 0.001779 0.000000
60007 440043 0.001799 0.000000
70008 440043 0.001777 0.000000
430044 80007 0.001769 0.000000
80009 440043 0.001899 0.000000
430044 90008 0.001883 0.000000
90010 440043 0.002474 0.000000
430044 100009 0.002373 0.000000
430044 110010 0.002078 0.000000
100011 440043 0.002222 0.000000
110012 440043 0.002363 0.000000
430044 120011 0.002356 0.000000
430044 130012 0.002718 0.000000
120013 440043 0.002782 0.000000
130014 440043 0.002873 0.000000
430044 140013 0.002850 0.000000
140015 440043 0.003509 0.000000
430044 150014 0.003480 0.000000
150016 440043 0.003747 0.000000
430044 160015 0.003710 0.000000
160017 440043 0.004817 0.000000
430044 170016 0.004781 0.000000
430044 180017 0.005201 0.000000
170018 440043 0.005279 0.000000
430044 190018 0.005084 0.000000
180019 440043 0.005137 0.000000
430044 200019 0.005284 0.000000
190020 440043 0.004645 0.000000
200021 440043 0.006652 0.000000
430044 210020 0.006325 0.000000
210022 440043 0.007744 0.000000
430044 220021 0.007687 0.000000
220023 440043 0.008908 0.000000
430044 230022 0.008893 0.000000
230024 440043 0.011570 0.000000
430044 240023 0.011316 0.000000
240025 440043 0.013617 0.000000
430044 250024 0.012936 0.000000
430044 260025 0.013729 0.000000
250026 440043 0.013694 0.000000
260027 440043 0.016862 0.000000
430044 270026 0.016740 0.000000
430044 280027 0.019755 0.000000
270028 440043 0.020066 0.000000
280029 440043 0.024679 0.000000
430044 290028 0.024466 0.000000
290030 440043 0.029154 0.000000
430044 300029 0.029087 0.000000
300031 440043 0.040666 0.000000
430044 310030 0.039984 0.000000
430044 320031 0.046044 0.000000
310032 440043 0.046983 0.000000
430044 330032 0.063764 0.000000
320033 440043 0.064673 0.000000
430044 340033 0.084322 0.000000
330034 440043 0.085400 0.000000
430044 350034 0.102319 0.000000
340035 440043 0.103825 0.000000
350036 440043 0.168606 0.000000
430044 360035 0.165991 0.000000
360037 440043 0.259626 0.000000
430044 370036 0.256648 0.000000
430044 380037 0.354999 0.000000
370038 440043 0.363399 0.000000
430044 390038 0.689138 0.000000
380039 440043 0.706912 0.000000
390040 440043 1.317169 0.000000
430044 400039 1.286464 0.000000
400041 440043 3.121955 0.000000
430044 410040 3.001789 0.000000
440045 20001 0.000700 0.000000
10002 450044 0.000559 0.000000
440045 30002 0.000875 0.000000
20003 450044 0.000871 0.000000
440045 40003 0.001351 0.000000
30004 450044 0.001374 0.000000
40005 450044 0.001297 0.000000
440045 50004 0.001290 0.000000
440045 60005 0.001068 0.000000
50006 450044 0.001045 0.000000
60007 450044 0.001258 0.000000
440045 70006 0.001253 0.000000
70008 450044 0.001222 0.000000
440045 80007 0.001189 0.000000
80009 450044 0.001305 0.000000
440045 90008 0.001302 0.000000
440045 100009 0.001573 0.000000
90010 450044 0.001554 0.000000
440045 110010 0.001558 0.000000
100011 450044 0.001510 0.000000
440045 120011 0.001626 0.000000
110012 450044 0.001473 0.000000
440045 130012 0.001868 0.000000
120013 450044 0.001889 0.000000
130014 450044 0.001939 0.000000
440045 140013 0.001960 0.000000
140015 450044 0.002335 0.000000
440045 150014 0.002332 0.000000
150016 450044 0.002516 0.000000
440045 160015 0.002568 0.000000
160017 450044 0.003247 0.000000
440045 170016 0.003268 0.000000
440045 180017 0.003565 0.000000
170018 450044 0.003556 0.000000
440045 190018 0.003432 0.000000
180019 450044 0.003415 0.000000
440045 200019 0.003295 0.000000
190020 450044 0.003485 0.000000
200021 450044 0.004373 0.000000
440045 210020 0.004555 0.000000
440045 220021 0.005224 0.000000
210022 450044 0.005640 0.000000
220023 450044 0.005829 0.000000
440045 230022 0.005868 0.000000
440045 240023 0.007567 0.000000
230024 450044 0.007595 0.000000
440045 250024 0.008430 0.000000
240025 450044 0.008354 0.000000
440045 260025 0.008960 0.000000
250026 450044 0.008932 0.000000
440045 270026 0.010760 0.000000
260027 450044 0.010766 0.000000
270028 450044 0.012773 0.000000
440045 280027 0.012703 0.000000
440045 290028 0.015350 0.000000
280029 450044 0.015280 0.000000
440045 300029 0.018304 0.000000
290030 450044 0.018218 0.000000
440045 310030 0.024322 0.000000
300031 450044 0.023857 0.000000
440045 320031 0.028537 0.000000
310032 450044 0.028529 0.000000
320033 450044 0.038594 0.000000
440045 330032 0.038368 0.000000
440045 340033 0.049862 0.000000
330034 450044 0.050004 0.000000
440045 350034 0.059179 0.000000
340035 450044 0.059492 0.000000
440045 360035 0.092499 0.000000
350036 450044 0.093221 0.000000
440045 370036 0.137337 0.000000
360037 450044 0.137606 0.000000
370038 450044 0.179144 0.000000
440045 380037 0.176831 0.000000
380039 450044 0.320531 0.000000
440045 390038 0.316086 0.000000
440045 400039 0.517303 0.000000
390040 450044 0.521954 0.000000
440045 410040 1.023495 0.000000
400041 450044 1.043804 0.000000
410042 450044 2.780324 0.000000
440045 420041 2.672153 0.000000
450046 20001 0.000603 0.000000
10002 460045 0.000774 0.000000
450046 30002 0.000731 0.000000
20003 460045 0.000596 0.000000
30004 460045 0.001128 0.000000
450046 40003 0.001097 0.000000
40005 460045 0.001089 0.000000
450046 50004 0.001089 0.000000
50006 460045 0.000862 0.000000
450046 60005 0.000879 0.000000
450046 70006 0.001046 0.000000
60007 460045 0.001027 0.000000
450046 80007 0.001035 0.000000
70008 460045 0.001014 0.000000
80009 460045 0.001046 0.000000
450046 90008 0.001057 0.000000
90010 460045 0.001276 0.000000
450046 100009 0.001275 0.000000
450046 110010 0.001246 0.000000
100011 460045 0.001251 0.000000
450046 120011 0.001373 0.000000
110012 460045 0.001522 0.000000
120013 460045 0.001873 0.000000
450046 130012 0.001547 0.000000
130014 460045 0.001597 0.000000
450046 140013 0.001596 0.000000
450046 150014 0.001951 0.000000
140015 460045 0.001945 0.000000
450046 160015 0.002043 0.000000
150016 460045 0.002043 0.000000
450046 170016 0.002656 0.000000
160017 460045 0.002627 0.000000
170018 460045 0.002870 0.000000
450046 180017 0.002878 0.000000
180019 460045 0.002757 0.000000
450046 190018 0.002738 0.000000
450046 200019 0.002878 0.000000
190020 460045 0.002736 0.000000
450046 210020 0.003432 0.000000
200021 460045 0.003561 0.000000
210022 460045 0.003670 0.000000
450046 220021 0.004171 0.000000
450046 230022 0.004674 0.000000
220023 460045 0.004599 0.000000
230024 460045 0.006002 0.000000
450046 240023 0.005973 0.000000
240025 460045 0.006471 0.000000
450046 250024 0.006616 0.000000
450046 260025 0.007014 0.000000
250026 460045 0.006997 0.000000
260027 460045 0.008452 0.000000
450046 270026 0.008408 0.000000
270028 460045 0.009873 0.000000
450046 280027 0.009820 0.000000
280029 460045 0.011922 0.000000
450046 290028 0.011996 0.000000
450046 300029 0.013739 0.000000
290030 460045 0.013739 0.000000
450046 310030 0.018878 0.000000
300031 460045 0.018823 0.000000
450046 320031 0.020836 0.000000
310032 460045 0.021182 0.000000
320033 460045 0.028200 0.000000
450046 330032 0.027816 0.000000
450046 340033 0.035186 0.000000
330034 460045 0.035267 0.000000
340035 460045 0.040787 0.000000
450046 350034 0.040652 0.000000
450046 360035 0.061946 0.000000
350036 460045 0.062445 0.000000
360037 460045 0.088080 0.000000
450046 370036 0.088005 0.000000
450046 380037 0.109172 0.000000
370038 460045 0.110375 0.000000
380039 460045 0.185120 0.000000
450046 390038 0.183031 0.000000
390040 460045 0.276549 0.000000
450046 400039 0.275170 0.000000
450046 410040 0.479045 0.000000
400041 460045 0.484868 0.000000
410042 460045 1.144175 0.000000
450046 420041 1.118614 0.000000
420043 460045 2.756826 0.000000
450046 430042 2.640587 0.000000
460047 20001 0.000443 0.000000
10002 470046 0.000452 0.000000
460047 30002 0.000478 0.000000
20003 470046 0.000694 0.000000
30004 470046 0.001009 0.000000
460047 40003 0.000922 0.000000
40005 470046 0.000803 0.000000
460047 50004 0.000790 0.000000
460047 60005 0.000676 0.000000
50006 470046 0.000670 0.000000
60007 470046 0.000763 0.000000
460047 70006 0.000783 0.000000
70008 470046 0.000743 0.000000
460047 80007 0.000751 0.000000
460047 90008 0.000797 0.000000
80009 470046 0.000840 0.000000
460047 100009 0.000955 0.000000
90010 470046 0.000950 0.000000
100011 470046 0.000914 0.000000
460047 110010 0.000955 0.000000
110012 470046 0.000992 0.000000
460047 120011 0.001005 0.000000
120013 470046 0.000807 0.000000
460047 130012 0.001126 0.000000
460047 140013 0.001226 0.000000
130014 470046 0.001128 0.000000
140015 470046 0.001408 0.000000
460047 150014 0.001449 0.000000
460047 160015 0.001550 0.000000
150016 470046 0.001516 0.000000
460047 170016 0.001965 0.000000
160017 470046 0.001919 0.000000
460047 180017 0.002124 0.000000
170018 470046 0.002104 0.000000
460047 190018 0.002045 0.000000
180019 470046 0.001994 0.000000
190020 470046 0.001983 0.000000
460047 200019 0.001965 0.000000
460047 210020 0.002587 0.000000
200021 470046 0.002544 0.000000
460047 220021 0.003035 0.000000
210022 470046 0.002962 0.000000
460047 230022 0.003356 0.000000
220023 470046 0.003390 0.000000
230024 470046 0.004230 0.000000
460047 240023 0.004307 0.000000
460047 250024 0.004792 0.000000
240025 470046 0.004932 0.000000
250026 470046 0.004892 0.000000
460047 260025 0.004943 0.000000
460047 270026 0.005897 0.000000
260027 470046 0.005782 0.000000
270028 470046 0.006760 0.000000
460047 280027 0.006839 0.000000
280029 470046 0.008037 0.000000
460047 290028 0.008165 0.000000
290030 470046 0.009289 0.000000
460047 300029 0.009388 0.000000
300031 470046 0.012220 0.000000
460047 310030 0.012503 0.000000
460047 320031 0.013855 0.000000
310032 470046 0.013819 0.000000
460047 330032 0.018093 0.000000
320033 470046 0.017647 0.000000
330034 470046 0.022131 0.000000
460047 340033 0.022353 0.000000
340035 470046 0.024958 0.000000
460047 350034 0.025213 0.000000
460047 360035 0.037350 0.000000
350036 470046 0.037000 0.000000
360037 470046 0.050591 0.000000
460047 370036 0.051359 0.000000
460047 380037 0.060794 0.000000
370038 470046 0.060459 0.000000
380039 470046 0.093395 0.000000
460047 390038 0.095362 0.000000
460047 400039 0.137229 0.000000
390040 470046 0.136642 0.000000
400041 470046 0.215174 0.000000
460047 410040 0.216824 0.000000
460047 420041 0.429369 0.000000
410042 470046 0.427963 0.000000
460047 430042 0.834402 0.000000
420043 470046 0.846538 0.000000
430044 470046 2.444777 0.000000
460047 440043 2.390775 0.000000
470048 20001 0.000397 0.000000
10002 480047 0.000399 0.000000
20003 480047 0.000472 0.000000
470048 30002 0.000480 0.000000
30004 480047 0.000561 0.000000
470048 40003 0.000529 0.000000
470048 50004 0.000899 0.000000
40005 480047 0.000788 0.000000
50006 480047 0.000558 0.000000
470048 60005 0.000548 0.000000
60007 480047 0.000673 0.000000
470048 70006 0.000690 0.000000
70008 480047 0.000676 0.000000
470048 80007 0.000659 0.000000
80009 480047 0.000708 0.000000
470048 90008 0.000694 0.000000
90010 480047 0.000820 0.000000
470048 100009 0.000817 0.000000
100011 480047 0.000814 0.000000
470048 110010 0.000805 0.000000
470048 120011 0.000855 0.000000
110012 480047 0.000856 0.000000
470048 130012 0.000989 0.000000
120013 480047 0.000950 0.000000
130014 480047 0.001060 0.000000
470048 140013 0.000970 0.000000
140015 480047 0.001153 0.000000
470048 150014 0.001261 0.000000
150016 480047 0.001252 0.000000
470048 160015 0.001276 0.000000
160017 480047 0.001631 0.000000
470048 170016 0.001667 0.000000
470048 180017 0.001792 0.000000
170018 480047 0.001794 0.000000
470048 190018 0.001730 0.000000
180019 480047 0.001699 0.000000
190020 480047 0.001655 0.000000
470048 200019 0.001632 0.000000
470048 210020 0.002172 0.000000
200021 480047 0.002152 0.000000
470048 220021 0.002509 0.000000
210022 480047 0.002457 0.000000
470048 230022 0.002775 0.000000
220023 480047 0.002747 0.000000
230024 480047 0.003549 0.000000
470048 240023 0.003409 0.000000
470048 250024 0.004062 0.000000
240025 480047 0.003940 0.000000
250026 480047 0.003927 0.000000
470048 260025 0.003982 0.000000
260027 480047 0.004732 0.000000
470048 270026 0.004754 0.000000
270028 480047 0.005426 0.000000
470048 280027 0.005450 0.000000
470048 290028 0.006501 0.000000
280029 480047 0.006445 0.000000
470048 300029 0.007312 0.000000
290030 480047 0.007278 0.000000
300031 480047 0.009627 0.000000
470048 310030 0.009807 0.000000
310032 480047 0.010513 0.000000
470048 320031 0.010551 0.000000
320033 480047 0.013469 0.000000
470048 330032 0.013602 0.000000
330034 480047 0.016157 0.000000
470048 340033 0.016331 0.000000
340035 480047 0.017876 0.000000
470048 350034 0.018288 0.000000
350036 480047 0.025951 0.000000
470048 360035 0.026247 0.000000
360037 480047 0.034430 0.000000
470048 370036 0.034885 0.000000
370038 480047 0.039872 0.000000
470048 380037 0.039944 0.000000
470048 390038 0.062006 0.000000
380039 480047 0.062352 0.000000
470048 400039 0.078419 0.000000
390040 480047 0.076098 0.000000
400041 480047 0.115667 0.000000
470048 410040 0.117765 0.000000
410042 480047 0.209557 0.000000
470048 420041 0.212288 0.000000
420043 480047 0.359448 0.000000
470048 430042 0.358805 0.000000
430044 480047 0.848338 0.000000
470048 440043 0.842194 0.000000
440045 480047 1.793852 0.000000
470048 450044 1.744820 0.000000
